Ndim                 V
2        3.140826   +/-   0.000447
3        4.188205   +/-   0.000836
4        4.934916   +/-   0.001333
5        5.262002   +/-   0.001963
6        5.166757   +/-   0.002750
7        4.732270   +/-   0.003699
8        4.057156   +/-   0.004801
9        3.302467   +/-   0.006076
10       2.589318   +/-   0.007538
11       1.939870   +/-   0.009123
12       1.336802   +/-   0.010418
13       0.915507   +/-   0.012517
14       0.565120   +/-   0.012208
15       0.427145   +/-   0.016137
