Ndim                 V
2        3.140826   +/-   0.000447
3        4.187182   +/-   0.000836
4        4.933021   +/-   0.001333
5        5.260103   +/-   0.001962
6        5.163138   +/-   0.002748
7        4.728081   +/-   0.003695
8        4.060002   +/-   0.004805
9        3.303517   +/-   0.006078
10       2.593248   +/-   0.007549
11       1.972644   +/-   0.009277
12       1.399622   +/-   0.010908
13       0.959634   +/-   0.013120
14       0.595532   +/-   0.012865
15       0.424484   +/-   0.016036
