Ndim                 V
1        2.000000   +/-   0.002001
2        3.142208   +/-   0.003548
3        4.186264   +/-   0.005793
4        4.923648   +/-   0.008873
5        5.248096   +/-   0.012915
6        5.135040   +/-   0.017885
7        4.675072   +/-   0.024012
8        3.998464   +/-   0.031743
9        3.268096   +/-   0.040775
10       2.588672   +/-   0.051421
11       1.818624   +/-   0.061002
12       1.384448   +/-   0.075291
13       0.917504   +/-   0.086691
14       0.671744   +/-   0.104907
15       0.589824   +/-   0.139022
